chr17	43044294	43125370	ENST00000352993.7	0	-	43045677	43124096	0	22	1508,61,74,55,84,41,78,88,311,191,127,172,89,77,46,106,140,89,78,54,99,100,	0,3348,4826,6768,12757,19038,19579,23313,26633,30036,32193,38109,46649,51551,52949,55480,59827,60573,62161,71431,79722,80976,
chr17	43044294	43125483	ENST00000357654.8	0	-	43045677	43124096	0	23	1508,61,74,55,84,41,78,88,311,191,127,172,89,3426,77,46,106,140,89,78,54,99,213,	0,3348,4826,6768,12757,19038,19579,23313,26633,30036,32193,38109,46649,47140,51551,52949,55480,59827,60573,62161,71431,79722,80976,
chr17	43044294	43125483	ENST00000471181.7	0	-	43045677	43124096	0	24	1508,61,74,55,84,41,78,88,311,191,124,66,172,89,3426,77,46,106,140,89,78,54,99,213,	0,3348,4826,6768,12757,19038,19579,23313,26633,30036,32193,35039,38109,46649,47140,51551,52949,55480,59827,60573,62161,71431,79722,80976,
chr17	43044804	43125451	ENST00000468300.5	0	-	43045783	43124096	0	22	998,61,55,84,41,78,88,311,191,124,172,89,117,77,46,106,140,89,78,54,99,175,	0,2838,6258,12247,18528,19069,22803,26123,29526,31683,37599,46139,49939,51041,52439,54970,59317,60063,61651,70921,79212,80472,
chr17	43045085	43091851	ENST00000644379.1	0	-	43045677	43091851	0	15	717,61,74,55,84,41,78,88,311,191,127,66,172,89,417,	0,2557,4035,5977,11966,18247,18788,22522,25842,29245,31402,34248,37318,45858,46349,
chr17	43045562	43125329	ENST00000586385.5	0	-	43045677	43125185	0	8	240,61,74,55,84,41,78,148,	0,2080,3558,5500,11489,17770,18311,79619,
chr17	43045562	43125329	ENST00000591534.5	0	-	43045677	43074478	0	11	240,61,74,55,84,41,78,88,311,191,59,	0,2080,3558,5500,11489,17770,18311,22045,25365,28768,79708,
chr17	43045562	43125329	ENST00000591849.5	0	-	43045677	43050092	0	5	240,61,74,129,59,	0,2080,3558,4499,79708,
chr17	43045628	43125402	ENST00000493795.5	0	-	43045677	43106526	0	22	174,61,74,55,84,41,78,88,311,191,127,172,89,3426,77,46,106,140,89,78,99,126,	0,2014,3492,5434,11423,17704,18245,21979,25299,28702,30859,36775,45315,45806,50217,51615,54146,58493,59239,60827,78388,79648,
chr17	43045677	43125288	ENST00000461221.5	0	-	43104954	43124096	0	23	125,61,74,55,84,41,78,88,311,191,127,172,89,3426,77,46,103,140,89,56,54,99,107,	0,1965,3443,5385,11374,17655,18196,21930,25250,28653,30810,36726,45266,45757,50168,51566,54097,58444,59190,60800,70048,78339,79504,
chr17	43045677	43125356	ENST00000491747.6	0	-	43045677	43124096	0	23	125,61,74,55,84,41,78,88,311,191,124,172,89,117,77,46,106,140,89,78,54,99,80,	0,1965,3443,5385,11374,17655,18196,21930,25250,28653,30810,36726,45266,49066,50168,51566,54097,58444,59190,60778,70048,78339,79599,
chr17	43063343	43104916	ENST00000484087.5	0	-	43063343	43104916	0	12	30,78,88,311,191,127,172,89,117,103,140,49,	0,530,4264,7584,10987,13144,19060,27600,31400,36431,40778,41524,
chr17	43063343	43125359	ENST00000478531.5	0	-	43063343	43124096	0	18	30,78,88,311,191,127,172,89,117,77,46,103,140,89,78,54,99,83,	0,530,4264,7584,10987,13144,19060,27600,31400,32502,33900,36431,40778,41524,43112,52382,60673,61933,
chr17	43063359	43125402	ENST00000493919.5	0	-	43063359	43106526	0	17	14,78,88,311,191,127,172,89,117,77,46,106,140,89,78,99,126,	0,514,4248,7568,10971,13128,19044,27584,31384,32486,33884,36415,40762,41508,43096,60657,61917,
chr17	43067273	43071066	ENST00000472490.1	0	-	43067273	43067273	0	2	422,139,	0,3654,
chr17	43076487	43082760	ENST00000621897.1	0	-	43076487	43076487	0	3	124,172,79,	0,5916,6194,
chr17	43076487	43104916	ENST00000487825.5	0	-	43076487	43104916	0	7	127,172,89,117,106,140,49,	0,5916,14456,18256,23287,27634,28380,
chr17	43076536	43091824	ENST00000461574.1	0	-	43076536	43091824	0	4	75,172,89,390,	0,5867,14407,14898,
chr17	43079301	43079780	ENST00000497954.1	0	+	43079301	43079301	0	1	479,	0,
chr17	43091097	43125315	ENST00000354071.7	0	-	43091330	43124096	0	10	3763,77,46,106,140,89,78,54,99,45,	0,4748,6146,8677,13024,13770,15358,24628,32919,34173,
chr17	43093012	43170245	ENST00000634433.1	0	-	43093012	43124096	0	8	1848,106,140,89,78,54,99,120,	0,6762,11109,11855,13443,22713,31004,77113,
chr17	43093569	43095866	ENST00000412061.3	0	-	43093569	43095866	0	2	1291,21,	0,2276,
chr17	43093583	43125323	ENST00000470026.5	0	-	43093583	43124096	0	10	1277,77,46,106,140,89,78,54,99,142,	0,2262,3660,6191,10538,11284,12872,22142,30433,31598,
chr17	43093585	43125364	ENST00000477152.5	0	-	43093585	43124096	0	9	1275,77,46,106,140,89,54,99,94,	0,2260,3658,6189,10536,11282,22140,30431,31685,
chr17	43094111	43125300	ENST00000492859.5	0	-	43110534	43124096	0	11	749,77,46,106,140,89,78,116,54,99,30,	0,1734,3132,5663,10010,10756,12344,16353,21614,29905,31159,
chr17	43094111	43125300	ENST00000497488.1	0	-	43094111	43094642	0	2	749,30,	0,31159,
chr17	43094111	43125450	ENST00000494123.5	0	-	43094111	43124096	0	10	749,77,46,106,140,89,78,54,99,174,	0,1734,3132,5663,10010,10756,12344,21614,29905,31165,
chr17	43094169	43104891	ENST00000473961.5	0	-	43094169	43104891	0	4	691,103,140,24,	0,5605,9952,10698,
chr17	43094481	43125343	ENST00000642945.1	0	-	43112494	43124096	0	11	379,77,46,106,140,89,78,120,54,99,67,	0,1364,2762,5293,9640,10386,11974,18005,21244,29535,30795,
chr17	43095845	43125353	ENST00000476777.5	0	-	43095845	43124096	0	9	77,46,103,140,89,78,54,99,83,	0,1398,3929,8276,9022,10610,19880,28171,29425,
chr17	43099830	43125370	ENST00000461798.5	0	-	43104954	43124096	0	7	50,140,89,56,54,99,94,	0,4291,5037,6647,15895,24186,25446,
chr17	43104188	43125321	ENST00000489037.1	0	-	43104188	43124096	0	5	73,89,54,99,140,	0,679,11537,19828,20993,
chr17	43104224	43125326	ENST00000644555.1	0	-	43104224	43106526	0	7	37,89,78,54,145,99,56,	0,643,2231,11501,14896,19792,21046,
chr17	43124025	43125364	ENST00000618469.1	0	-	43124025	43124096	0	2	90,628,	0,711,
